1.128798343513326
1.138463732697113
-0.007336257904345084
2.5887545585632323
-2.114920664536468
4.703675223099701
75.17695631878763
0.42934182570810797
0.2876139590227833
1.124818048544498
1.1344029812650176
-0.012525033363100546
2.917174663543701
-2.0114401616090105
4.928614825152712
74.64772289755571
0.7674890756727429
1.0791194657903405
0.7189100641459949
0.7253004565157898
2.5320402879444446E-4
1.3343768167495726
-0.953550315597167
2.2879271323467396
29.459405778832714
0.5000054272129998
-1.0393401210164859
0.8380879698016138
0.8458031936104463
-0.003920103367014298
1.7312606825278356
-1.5866853208281975
3.317946003356033
38.63152948194049
-0.04914782553158572
-0.06795173314098557
1.2910824043632094
1.3039264507326804
-0.0027046497880682985
3.2349225997924806
-2.390969448861076
5.625892048653556
85.01158251767059
0.7115482439942638
0.990866892425649
1.2697389285083005
1.2804489646517552
-0.003636116465650992
2.4436781903107962
-2.9233601566961913
5.367038347006988
96.73421679416442
-0.09616422098199184
-0.060519848266666454
1.2885766683119504
1.3002049144645005
-0.009224781001739022
2.863650156901433
-2.1477900759107444
5.011440232812177
92.98407048660387
0.6836341064120323
-0.09660890808020728
0.8366553872125455
0.8442211450239363
-0.003138116744810412
1.3846387167771657
-1.32727234730693
2.7119110640840955
39.19956526929936
0.2449862448227671
-1.2020640929488857
0.8127593182339059
0.819698641542971
-0.007751218862976939
1.4224967956542969
-1.0500849871577236
2.4725817828120205
38.97408485318657
0.5116762044260321
-1.3242830410320399
0.8237735764787694
0.832308247949341
-0.0018373611869525078
1.6702205419540406
-0.9651983682020236
2.6354189101560643
33.25154235992652
0.6496155260856533
-0.7044042840685729
1.277220798515462
1.2887102700795028
-0.013247240632751131
2.9694977081738987
-2.3001895264211027
5.269687234595001
91.35240621698658
0.5249640274768999
0.4424671562508484
1.1212337171536049
1.131324195761552
-0.011219195638442604
1.9765950088147763
-1.6042352492590244
3.5808302580738007
70.40124271499705
0.4250119416491199
-1.1440705263406605
0.8098478973431139
0.8165629002292315
-0.003063333789831412
1.7141240770168593
-1.7772187967009752
3.4913428737178345
40.007070626694826
-0.08028967207562766
0.42524481670512193
1.0109775225517164
1.0195048515199916
0.002928800076269641
3.3526355425516763
-1.592426264655022
4.945061807206699
61.32453306628838
1.507372041067843
3.1204188161876636
0.9069461684089936
0.9145878668127397
-0.004644247986654353
2.0016703176498414
-1.5135021253882204
3.515172443038062
49.35308114350527
0.4794864846966149
-0.3200803439287152
0.6541660396663868
0.659413925360046
-0.0029144470044861585
1.0672565386805777
-1.0953946314594216
2.1626511701399993
26.959792069526692
0.17237085400745797
-1.0899931413836135
1.0087397337831787
1.0173965540103662
-0.00202438422867949
2.1755917817354202
-1.7423159796371603
3.9179077613725806
60.03579518026453
0.5044076202109911
-0.2015413658053875
1.2747134618413098
1.2861954187312554
-0.01169624075734935
2.7105075487723718
-2.2852569195794405
4.995764468351812
90.99408694876958
0.5135299917793475
-0.0647049609551269
1.0231631702573432
1.0316423940504982
-0.004914847194841546
2.1168175780254863
-2.1107176642083467
4.227535242233833
63.85863525123449
0.13776585561320417
-0.19565744326698553
0.691059637737634
0.6971888298606985
0.004329204886892154
1.2314028763771057
-1.0815190790601337
2.3129219554372393
27.221115105873988
0.19104452716969275
-1.1196837383057785
1.1394036510253631
1.148693928541977
-0.005015988170470682
2.215470490248307
-2.2333068363182385
4.448777326566546
80.4909221581355
0.041905017239725575
-0.24358781323983747
0.8754425569764267
0.8828259566749633
-0.00277403725242095
1.4166315698623657
-1.3556391995638666
2.7722707694262323
45.98398023392544
0.09963621816512931
-1.4306060451751068
1.119966135179303
1.1294075584810663
0.004697660432321449
2.2389386196931205
-2.034484707578634
4.273423327271754
75.2594486369079
0.397588876607236
-0.3169869349869727
0.898549046192441
0.9063955461296267
0.0014856989965193602
1.5683764173434331
-1.4933444841184753
3.0617209014619085
46.82864252797403
0.11830426774932555
-1.1654085033868515